14568106676674286833 1100101000101100010011111101011001011001001010101101010011110001
9682704045877997043 1000011001011111111000000000011101001111110010111010110111110011
12625651922856999717 1010111100110111010100111000011110111111100111100111101100100101
11420884346628688593 1001111001111111001000011100110110000101100111110100101011010001
12040133415774429119 1010011100010111001001011000110011011111100010111001111110111111
14948080375250055641 1100111101110010001111111110011100101000110001000111000111011001
9432184928527573217 1000001011100101110110100011011111111000101011011110000011100001
16871706499540466879 1110101000100100010101111010101111010011110000100011110010111111
17962746586962541983 1111100101001000011111101101100110100010010000110011110110011111
18407075534618761523 1111111101110011000100011010110010000010101111000001100100110011
14579947271272127221 1100101001010110011000001100101110011100000110011101101011110101
16311030379637288793 1110001001011100011010111011010111110010111000101010111101011001
12158315774394641161 1010100010111011000000111100011101111111110100100010101100001001
9311718593732818571 1000000100111001110111101011100110110011110110000011011010001011
12181583134154137517 1010100100001101101011010101000111011001001001011001111110101101
11151340501992846993 1001101011000001100001010001101010101110101101011011011010010001
16232302512052808719 1110000101000100101110010010000111011101100101101010110000001111
14877908789654872405 1100111001111000111100110011011110111000000010100110000101010101
11081957999078210599 1001100111001011000001100001010111011110110110101111110000100111
10296264877741714133 1000111011100011101011100101101010110111001000000010101011010101
12852179401444103243 1011001001011100000111010001001001100100101010110001010001001011
10933396812426573331 1001011110111011001110100111100100101001000100101111011000010011
13319393318568023323 1011100011010111111111011010011101110000111101010101010100011011
9774664587297677777 1000011110100110100101011010011101011100011101111110000111010001
17420369691857351827 1111000111000001100101011111000000001011001000110111010010010011
15894532275822611393 1101110010010100101110001110010001011011011000110100101111000001
11545919078593298647 1010000000111011010110000011101010100100111101011000000011010111
10865414088821803129 1001011011001001101101001000101111011101101111111000100001111001
16922924716128062161 1110101011011010010011100101111000101001011111011100101011010001
10473345188931345427 1001000101011000110010111111010110001100010011001001110000010011
12944306665257176411 1011001110100011011010100101010010000110011000000000110101011011
13093891992531624355 1011010110110110110110010110010010001110001011011110000110100011
15400898951660651257 1101010110111010111110111111111111000011011010110100001011111001 is prime!
11092240673521642201 1001100111101111100011100001111110010100011001011010101011011001
15600545134344729975 1101100010000000010001010010010011111011000100001111010101110111
12409557703153614207 1010110000110111100110101111101101111100001011101111110101111111
9825428089886342127 1000100001011010111011101100101001010111110100011111101111101111
17466569673357076809 1111001001100101101110001001001101111001000011110010100101001001
9587148867396520291 1000010100001100011001010001100110011001111101010100100101100011
16150193864416328863 1110000000100001000000111100000010010110001110100111110010011111
15915986060482158323 1101110011100000111100001111111011011001000110111001111011110011
9541968933873186417 1000010001101011111000100011000010011001010100101111011001110001
15913227704477557589 1101110011010111001001000100100100001011010010100010001101010101
13346018671044066237 1011100100110110100101010100010101100101010011111111101110111101
17498161357094059769 1111001011010101111101010000101110001000000011101111111011111001
14716965219242969079 1100110000111101001010011110010010100000110000011000011111110111
13593781376015262191 1011110010100110110100000010001101110111101101011110000111101111
14278200903404524855 1100011000100110010111000001001010001111000101101001010100110111
16090712118910067225 1101111101001101101100010110101101111110101101010010001000011001
13618169291640447415 1011110011111101011101001101000110001111010111001010000110110111
15951056383349571885 1101110101011101100010010100010010110001110001110100000100101101
17569414870465835825 1111001111010011000110011011110011101001100101001111001100110001
12114765215469271269 1010100000100000010010101100011011010101010011011111100011100101
16627830447022407577 1110011011000001111010111011000110001100001100011111111110011001
14234774173660397967 1100010110001100000100111011000100011110111011101100000110001111
9857982683128377213 1000100011001110100101110000010100111101110100011010111101111101
17206482651810374253 1110111011001001101101001100111011010111000101000010001001101101
10815551077051736775 1001011000011000100011100110011010111101110000110010001011000111
13126926013983854141 1011011000101100001101011010100100001000010101111000111000111101
9301305461903236659 1000000100010100111000000000100110000100001001001001111000110011
11710631781998934599 1010001010000100100001011000111101100101011100100011101001000111
16758024546531042801 1110100010010000011101101000100110001001010000100110010111110001
11471570494867720873 1001111100110011001101001001011000001010011100010100101010101001
11897314781739107433 1010010100011011110000001100001001100010100100000100010001101001
17924592091237481433 1111100011000000111100011000100111010101111111000111101111011001
12584218416787987085 1010111010100100000111111111100111011100100100111001101010001101
12898724407910379231 1011001100000001011110011000001000110101001010001010111011011111
17791756108250234913 1111011011101001000000111110101001101010101001000100000000100001
14639621315071945755 1100101100101010011000100000010110100011000110011010110000011011
16095853197815398691 1101111101011111111101010011010000110100100111110100000100100011 is prime!
15553142864836762693 1101011111010111110111010000100000001111011111110001110001000101
16799941103804532447 1110100100100101011000010110110010001011110000001100011011011111
14166028999426462831 1100010010010111110110000101000111110100101100100101010001101111
14676406649947447945 1100101110101101000100100001011011010101010011000110001010001001
16235842216400010879 1110000101010001010011000111100110000001110100000011111001111111
16188054511726284217 1110000010100111100001011100111101111000000110101100110110111001
13780477756356924737 1011111100111110000101111000000111011110110100111001010101000001
13973493985797440891 1100000111101011110100101011111011001110100000111000010101111011
12426447115453400415 1010110001110011100110111101000000111000110001110000010101011111
10127392267591034537 1000110010001011101110011001110000110010110011010010011010101001
17257983168263344265 1110111110000000101011000100000100111100000000011101000010001001
14799035921306360171 1100110101100000101111001100001100000011101101100001100101101011
12892706188126668645 1011001011101100000101111111100000111000110001010100011101100101
16256205671332057801 1110000110011001101001001110110111010011011100000001001011001001
16627884882172157737 1110011011000010000111010011001110110111111101011001111100101001
9781902789369563303 1000011111000000010011001100001010011011110001101000100010100111
13853657409194739157 1100000001000010000101000000001110001011000000101100010111010101
18242993305609174843 1111110100101100001000011100000110000100101010011111111100111011
9737311582984014219 1000011100100001111000010100101101010011000011110000100110001011
10018296080235323639 1000101100001000001000110011010010101101000111010110000011110111
13392835175777750695 1011100111011100111010001010001001010011100101101100111010100111
11267373908735241883 1001110001011101110000001101111101110101101010110010111010011011
18441951139335664175 1111111111101110111110001101101000000001001101100111001000101111
9647607623490070249 1000010111100011001100000000010010110010011110011110011011101001
11103589985686465927 1001101000010111111000000100001100111100011011010010110110000111
10651639628074308273 1001001111010010001110011100111010010010110101111101001010110001
11631882022667071451 1010000101101100101111110001001000111110010100101010111111011011
11677129465825027597 1010001000001101011111110110000110001110101111110110011000001101
17152586304977996335 1110111000001010001110100101110110110111011100011000101000101111
14476810998134995851 1100100011100111111101101110011011000000010011011111101110001011
